152
        0      -2.1         0 -0.780001  0.543748   1.05321    1.5708
        0      -2.1         0 -0.780001  0.543748   1.05321    1.5708
        0      -2.1         0 -0.780001  0.543748   1.05321    1.5708
        0      -2.1         0 -0.780001  0.543748   1.05321    1.5708
        0      -2.1         0 -0.780001  0.543748   1.05321    1.5708
        0      -2.1         0 -0.780001  0.543748   1.05321    1.5708
        0      -2.1         0 -0.780001  0.543748   1.05321    1.5708
        0      -2.1         0 -0.780001  0.543748   1.05321    1.5708
        0      -2.1         0 -0.780001  0.543748   1.05321    1.5708
        0      -2.1         0 -0.780001  0.543748   1.05321    1.5708
        0      -2.1         0 -0.780001  0.543748   1.05321    1.5708
        0      -2.1         0 -0.780001  0.543748   1.05321    1.5708
        0      -2.1         0 -0.780001  0.543748   1.05321    1.5708
        0      -2.1         0 -0.780001  0.543748   1.05321    1.5708
        0      -2.1         0 -0.780001  0.543748   1.05321    1.5708
        0      -2.1         0 -0.780001  0.543748   1.05321    1.5708
        0      -2.1         0 -0.780001  0.543748   1.05321    1.5708
        0      -2.1         0 -0.780001  0.543748   1.05321    1.5708
        0      -2.1         0 -0.780001  0.543748   1.05321    1.5708
        0      -2.1         0 -0.780001  0.543748   1.05321    1.5708
        0      -2.1         0 -0.780001  0.543748   1.05321    1.5708
        0      -2.1         0 -0.780001  0.543748   1.05321    1.5708
        0      -2.1         0 -0.780001  0.543748   1.05321    1.5708
        0      -2.1         0 -0.780001  0.543748   1.05321    1.5708
        0      -2.1         0 -0.780001  0.543748   1.05321    1.5708
        0      -2.1         0 -0.780001  0.543748   1.05321    1.5708
        0      -2.1         0 -0.780001  0.543748   1.05321    1.5708
        0      -2.1         0 -0.780001  0.543748   1.05321    1.5708
        0      -2.1         0 -0.780001  0.543748   1.05321    1.5708
        0      -2.1         0 -0.780001  0.543748   1.05321    1.5708
        0      -2.1         0 -0.780001  0.543748   1.05321    1.5708
        0      -2.1         0 -0.780001  0.543748   1.05321    1.5708
        0      -2.1         0 -0.780001  0.543748   1.05321    1.5708
        0      -2.1         0 -0.780001  0.543748   1.05321    1.5708
        0      -2.1         0 -0.780001  0.543748   1.05321    1.5708
        0      -2.1         0 -0.780001  0.543748   1.05321    1.5708
        0      -2.1         0 -0.780001  0.543748   1.05321    1.5708
        0      -2.1         0 -0.780001  0.543748   1.05321    1.5708
        0      -2.1         0 -0.780001  0.543748   1.05321    1.5708
        0      -2.1         0 -0.780001  0.543748   1.05321    1.5708
        0      -2.1         0 -0.780001  0.543748   1.05321    1.5708
        0      -2.1         0 -0.780001  0.543748   1.05321    1.5708
        0      -2.1         0 -0.780001  0.543748   1.05321    1.5708
        0      -2.1         0 -0.780001  0.543748   1.05321    1.5708
        0      -2.1         0 -0.780001  0.543748   1.05321    1.5708
        0      -2.1         0 -0.780001  0.543748   1.05321    1.5708
        0      -2.1         0 -0.780001  0.543748   1.05321    1.5708
        0      -2.1         0 -0.780001  0.543748   1.05321    1.5708
        0      -2.1         0 -0.780001  0.543748   1.05321    1.5708
        0      -2.1         0 -0.780001  0.543748   1.05321    1.5708
        0      -2.1         0 -0.780001  0.543748   1.05321    1.5708
        0      -2.1         0 -0.780001  0.543748   1.05321    1.5708
        0      -2.1         0 -0.780001  0.543748   1.05321    1.5708
        0      -2.1         0 -0.780001  0.543748   1.05321    1.5708
        0      -2.1         0 -0.780001  0.543748   1.05321    1.5708
        0      -2.1         0 -0.780001  0.543748   1.05321    1.5708
        0      -2.1         0 -0.780001  0.543748   1.05321    1.5708
        0      -2.1         0 -0.780001  0.543748   1.05321    1.5708
        0      -2.1         0 -0.780001  0.543748   1.05321    1.5708
        0      -2.1         0 -0.780001  0.543748   1.05321    1.5708
        0      -2.1         0 -0.780001  0.543748   1.05321    1.5708
        0      -2.1         0 -0.780001  0.543748   1.05321    1.5708
        0      -2.1         0 -0.780001  0.543748   1.05321    1.5708
        0      -2.1         0 -0.780001  0.543748   1.05321    1.5708
        0      -2.1         0 -0.780001  0.543748   1.05321    1.5708
        0      -2.1         0 -0.780001  0.543748   1.05321    1.5708
        0      -2.1         0 -0.780001  0.543748   1.05321    1.5708
        0      -2.1         0 -0.780001  0.543748   1.05321    1.5708
        0      -2.1         0 -0.780001  0.543748   1.05321    1.5708
        0      -2.1         0 -0.780001  0.543748   1.05321    1.5708
        0      -2.1         0 -0.780001  0.543748   1.05321    1.5708
        0      -2.1         0 -0.780001  0.543748   1.05321    1.5708
        0      -2.1         0 -0.780001  0.543748   1.05321    1.5708
        0      -2.1         0 -0.780001  0.543748   1.05321    1.5708
        0      -2.1         0 -0.780001  0.543748   1.05321    1.5708
        0      -2.1         0 -0.780001  0.543748   1.05321    1.5708
        0      -2.1         0 -0.780001  0.543748   1.05321    1.5708
        0      -2.1         0 -0.780001  0.543748   1.05321    1.5708
        0      -2.1         0 -0.780001  0.543748   1.05321    1.5708
        0      -2.1         0 -0.780001  0.543748   1.05321    1.5708
        0      -2.1         0 -0.780001  0.543748   1.05321    1.5708
        0      -2.1         0 -0.780001  0.543748   1.05321    1.5708
        0      -2.1         0 -0.780001  0.543748   1.05321    1.5708
        0      -2.1         0 -0.780001  0.543748   1.05321    1.5708
        0      -2.1         0 -0.780001  0.543748   1.05321    1.5708
        0      -2.1         0 -0.780001  0.543748   1.05321    1.5708
        0      -2.1         0 -0.780001  0.543748   1.05321    1.5708
        0      -2.1         0 -0.780001  0.543748   1.05321    1.5708
        0      -2.1         0 -0.780001  0.543748   1.05321    1.5708
        0      -2.1         0 -0.780001  0.543748   1.05321    1.5708
        0      -2.1         0 -0.780001  0.543748   1.05321    1.5708
        0      -2.1         0 -0.780001  0.543748   1.05321    1.5708
        0      -2.1         0 -0.780001  0.543748   1.05321    1.5708
        0      -2.1         0 -0.780001  0.543748   1.05321    1.5708
        0      -2.1         0 -0.780001  0.543748   1.05321    1.5708
        0      -2.1         0 -0.780001  0.543748   1.05321    1.5708
        0      -2.1         0 -0.780001  0.543748   1.05321    1.5708
        0      -2.1         0 -0.780001  0.543748   1.05321    1.5708
        0      -2.1         0 -0.780001  0.543748   1.05321    1.5708
        0      -2.1         0 -0.780001  0.543748   1.05321    1.5708
        0      -2.1         0 -0.780001  0.543748   1.05321    1.5708
        0      -2.1         0 -0.780001  0.543748   1.05321    1.5708
        0      -2.1         0 -0.780001  0.543748   1.05321    1.5708
        0      -2.1         0 -0.780001  0.543748   1.05321    1.5708
        0      -2.1         0 -0.780001  0.543748   1.05321    1.5708
        0      -2.1         0 -0.780001  0.543748   1.05321    1.5708
        0      -2.1         0 -0.780001  0.543748   1.05321    1.5708
        0      -2.1         0 -0.780001  0.543748   1.05321    1.5708
        0      -2.1         0 -0.780001  0.543748   1.05321    1.5708
        0      -2.1         0 -0.780001  0.543748   1.05321    1.5708
        0      -2.1         0 -0.780001  0.543748   1.05321    1.5708
        0      -2.1         0 -0.780001  0.543748   1.05321    1.5708
       -0      -2.1        -0 -0.780001  0.543748   1.05321    1.5708
       -0      -2.1        -0 -0.780001  0.543748   1.05321   1.37787
       -0      -2.1        -0 -0.780001  0.543748   1.05321   1.25738
       -0      -2.1        -0 -0.780001  0.543748   1.05321   1.15452
       -0      -2.1        -0 -0.780001  0.543748   1.05321   1.06165
       -0      -2.1        -0 -0.780001  0.543748   1.05321   0.97558
       -0      -2.1        -0 -0.780001  0.543748   1.05321   0.89455
       -0      -2.1        -0 -0.780001  0.543748   1.05321    0.8175
       -0      -2.1        -0 -0.780001  0.543748   1.05321   0.74369
       -0      -2.1        -0 -0.780001  0.543748   1.05321   0.67261
       -0      -2.1        -0 -0.780001  0.543748   1.05321   0.60386
       -0      -2.1        -0 -0.780001  0.543748   1.05321   0.53715
       -0      -2.1        -0 -0.780001  0.543748   1.05321   0.47223
       -0      -2.1        -0 -0.780001  0.543748   1.05321   0.40892
       -0      -2.1        -0 -0.780001  0.543748   1.05321   0.34706
       -0      -2.1        -0 -0.780001  0.543748   1.05321   0.28651
       -0      -2.1        -0 -0.780001  0.543748   1.05321   0.22716
       -0      -2.1        -0 -0.780001  0.543748   1.05321   0.16891
       -0      -2.1        -0 -0.780001  0.543748   1.05321   0.11168
       -0      -2.1        -0 -0.780001  0.543748   1.05321    0.0554
       -0      -2.1        -0 -0.780001  0.543748   1.05321    0.0254
       -0      -2.1        -0 -0.780001  0.543748   1.05321         0
       -0      -2.1        -0 -0.780001  0.543748   1.05321   0.19293
       -0      -2.1        -0 -0.780001  0.543748   1.05321   0.31342
       -0      -2.1        -0 -0.780001  0.543748   1.05321   0.41628
       -0      -2.1        -0 -0.780001  0.543748   1.05321   0.50914
       -0      -2.1        -0 -0.780001  0.543748   1.05321   0.59522
       -0      -2.1        -0 -0.780001  0.543748   1.05321   0.67625
       -0      -2.1        -0 -0.780001  0.543748   1.05321    0.7533
       -0      -2.1        -0 -0.780001  0.543748   1.05321   0.82711
       -0      -2.1        -0 -0.780001  0.543748   1.05321   0.89819
       -0      -2.1        -0 -0.780001  0.543748   1.05321   0.96694
       -0      -2.1        -0 -0.780001  0.543748   1.05321   1.03365
       -0      -2.1        -0 -0.780001  0.543748   1.05321   1.09856
       -0      -2.1        -0 -0.780001  0.543748   1.05321   1.16187
       -0      -2.1        -0 -0.780001  0.543748   1.05321   1.22374
       -0      -2.1        -0 -0.780001  0.543748   1.05321   1.28429
       -0      -2.1        -0 -0.780001  0.543748   1.05321   1.34364
       -0      -2.1        -0 -0.780001  0.543748   1.05321   1.40189
       -0      -2.1        -0 -0.780001  0.543748   1.05321   1.45912
